alsa_card.pci-0000:00:1b.0:input:analog-input-internal-mic mute:0 volumes:2,0.099999,0.099999
alsa_card.pci-0000:00:1b.0:output:analog-output-speaker mute:0 volumes:2,0.334962,0.334962
